6.500000000000000000e+01 1.520000000000000000e+02
7.200000000000000000e+01 1.910000000000000000e+02
8.100000000000000000e+01 2.290000000000000000e+02
9.300000000000000000e+01 2.670000000000000000e+02
1.100000000000000000e+02 3.030000000000000000e+02
1.390000000000000000e+02 3.340000000000000000e+02
1.760000000000000000e+02 3.570000000000000000e+02
2.170000000000000000e+02 3.730000000000000000e+02
2.560000000000000000e+02 3.750000000000000000e+02
2.880000000000000000e+02 3.640000000000000000e+02
3.120000000000000000e+02 3.390000000000000000e+02
3.300000000000000000e+02 3.090000000000000000e+02
3.400000000000000000e+02 2.720000000000000000e+02
3.460000000000000000e+02 2.350000000000000000e+02
3.500000000000000000e+02 1.980000000000000000e+02
3.530000000000000000e+02 1.620000000000000000e+02
3.500000000000000000e+02 1.260000000000000000e+02
1.050000000000000000e+02 1.270000000000000000e+02
1.260000000000000000e+02 1.090000000000000000e+02
1.550000000000000000e+02 1.000000000000000000e+02
1.850000000000000000e+02 1.000000000000000000e+02
2.130000000000000000e+02 1.070000000000000000e+02
2.520000000000000000e+02 1.020000000000000000e+02
2.740000000000000000e+02 9.100000000000000000e+01
2.980000000000000000e+02 8.600000000000000000e+01
3.220000000000000000e+02 8.800000000000000000e+01
3.370000000000000000e+02 1.020000000000000000e+02
2.380000000000000000e+02 1.250000000000000000e+02
2.430000000000000000e+02 1.490000000000000000e+02
2.480000000000000000e+02 1.720000000000000000e+02
2.540000000000000000e+02 1.960000000000000000e+02
2.220000000000000000e+02 2.270000000000000000e+02
2.370000000000000000e+02 2.300000000000000000e+02
2.520000000000000000e+02 2.320000000000000000e+02
2.630000000000000000e+02 2.270000000000000000e+02
2.730000000000000000e+02 2.210000000000000000e+02
1.410000000000000000e+02 1.410000000000000000e+02
1.580000000000000000e+02 1.290000000000000000e+02
1.760000000000000000e+02 1.270000000000000000e+02
1.930000000000000000e+02 1.380000000000000000e+02
1.770000000000000000e+02 1.430000000000000000e+02
1.590000000000000000e+02 1.450000000000000000e+02
2.670000000000000000e+02 1.310000000000000000e+02
2.820000000000000000e+02 1.160000000000000000e+02
3.000000000000000000e+02 1.140000000000000000e+02
3.140000000000000000e+02 1.230000000000000000e+02
3.030000000000000000e+02 1.300000000000000000e+02
2.860000000000000000e+02 1.320000000000000000e+02
1.970000000000000000e+02 2.800000000000000000e+02
2.200000000000000000e+02 2.700000000000000000e+02
2.390000000000000000e+02 2.630000000000000000e+02
2.510000000000000000e+02 2.660000000000000000e+02
2.630000000000000000e+02 2.610000000000000000e+02
2.790000000000000000e+02 2.660000000000000000e+02
2.940000000000000000e+02 2.720000000000000000e+02
2.800000000000000000e+02 2.860000000000000000e+02
2.660000000000000000e+02 2.920000000000000000e+02
2.540000000000000000e+02 2.950000000000000000e+02
2.410000000000000000e+02 2.950000000000000000e+02
2.210000000000000000e+02 2.930000000000000000e+02
2.060000000000000000e+02 2.800000000000000000e+02
2.400000000000000000e+02 2.770000000000000000e+02
2.520000000000000000e+02 2.770000000000000000e+02
2.640000000000000000e+02 2.750000000000000000e+02
2.870000000000000000e+02 2.740000000000000000e+02
2.640000000000000000e+02 2.740000000000000000e+02
2.520000000000000000e+02 2.770000000000000000e+02
2.400000000000000000e+02 2.770000000000000000e+02
